# NPRED = 2000; NMAX = 10000 for all sets
Henon(0)
3.8315842e-03
6.5052899e-03
1.0413202e-02
1.5912513e-02
2.6570213e-02
4.2709380e-02
7.0446035e-02
1.0875342e-01
1.7970176e-01
2.6535574e-01
3.9030323e-01
5.3757116e-01
7.1923891e-01
8.7991801e-01
1.0107302e+00


Henon(1)
# k = 13
1.3515721e-04
4.9222602e-04
1.2899959e-03
3.3643607e-03
9.2475853e-03
2.5607478e-02
7.1107462e-02
1.6586351e-01
3.1784094e-01
4.9760337e-01
6.6341388e-01
8.0066980e-01
8.9282333e-01
9.5529392e-01
9.9584142e-01


Logistic(0)
4.9558300e-04
9.8394268e-04
1.9402192e-03
4.0168523e-03
7.7014267e-03
1.5497985e-02
3.1643282e-02
6.3023116e-02
1.2963029e-01
2.4751249e-01
4.7216669e-01
8.1003320e-01
1.1360930e+00
1.3372362e+00
1.3867850e+00


Logistic(1)
# k = 3
5.6797569e-07
2.4619673e-06
9.4284004e-06
3.6068089e-05
1.5704900e-04
6.3783753e-04
2.4349465e-03
9.2836461e-03
3.5597278e-02
1.4054915e-01
4.1312730e-01
9.6549988e-01
1.4017848e+00
1.6527216e+00
1.6504891e+00
