5.000000e+00	4.205887e-02	2.019901e-04	-4.285483e-01
4.950000e+00	4.248347e-02	2.073221e-04	-4.331617e-01
4.900000e+00	4.270671e-02	2.117029e-04	-4.379660e-01
4.850671e+00	4.315463e-02	2.195704e-04	-4.437785e-01
4.804377e+00	4.342661e-02	2.231694e-04	-4.480725e-01
4.753167e+00	4.368750e-02	2.278885e-04	-4.542981e-01
4.707921e+00	4.416782e-02	2.368142e-04	-4.590482e-01
4.658405e+00	4.450402e-02	2.430250e-04	-4.648594e-01
4.612108e+00	4.480640e-02	2.483217e-04	-4.698408e-01
4.563371e+00	4.521374e-02	2.559550e-04	-4.762446e-01
4.518548e+00	4.571496e-02	2.627266e-04	-4.815981e-01
4.470968e+00	4.615783e-02	2.706075e-04	-4.877222e-01
4.425472e+00	4.661751e-02	2.798548e-04	-4.929116e-01
4.377395e+00	4.697548e-02	2.862930e-04	-4.999575e-01
4.333978e+00	4.756303e-02	2.963811e-04	-5.055803e-01
4.287169e+00	4.806683e-02	3.056508e-04	-5.122497e-01
4.242950e+00	4.851557e-02	3.165082e-04	-5.185644e-01
4.197917e+00	4.899278e-02	3.268032e-04	-5.256718e-01
4.154625e+00	4.943208e-02	3.344294e-04	-5.322338e-01
4.110166e+00	5.018692e-02	3.498511e-04	-5.390202e-01
4.066202e+00	5.056486e-02	3.582667e-04	-5.462959e-01
4.023246e+00	5.101581e-02	3.679027e-04	-5.532426e-01
3.979623e+00	5.199628e-02	3.870250e-04	-5.606302e-01
3.936886e+00	5.262508e-02	3.996222e-04	-5.687171e-01
3.895417e+00	5.330937e-02	4.134405e-04	-5.760978e-01
3.852666e+00	5.400099e-02	4.304486e-04	-5.842927e-01
3.811381e+00	5.442051e-02	4.439368e-04	-5.915247e-01
3.768339e+00	5.553356e-02	4.652223e-04	-6.000990e-01
3.727672e+00	5.633956e-02	4.834138e-04	-6.084386e-01
3.686627e+00	5.712082e-02	5.010083e-04	-6.169354e-01
3.645836e+00	5.820813e-02	5.252768e-04	-6.254292e-01
3.605041e+00	5.892262e-02	5.485492e-04	-6.356010e-01
3.566625e+00	5.996481e-02	5.711477e-04	-6.441465e-01
3.525912e+00	6.114753e-02	5.994489e-04	-6.537723e-01
3.486784e+00	6.248865e-02	6.313278e-04	-6.641605e-01
3.448636e+00	6.298000e-02	6.545164e-04	-6.731696e-01
3.408634e+00	6.431913e-02	6.900934e-04	-6.837477e-01
3.370716e+00	6.579078e-02	7.289984e-04	-6.939327e-01
3.332317e+00	6.749128e-02	7.739217e-04	-7.048979e-01
3.294851e+00	6.842755e-02	8.087320e-04	-7.158261e-01
3.257343e+00	6.985393e-02	8.500145e-04	-7.270301e-01
3.220145e+00	7.249466e-02	9.185253e-04	-7.387481e-01
3.183499e+00	7.352813e-02	9.509463e-04	-7.507497e-01
3.147144e+00	7.588453e-02	1.030709e-03	-7.628901e-01
3.110928e+00	7.730519e-02	1.083431e-03	-7.757585e-01
3.075408e+00	7.957651e-02	1.168075e-03	-7.886888e-01
3.039945e+00	8.175752e-02	1.254153e-03	-8.019381e-01
3.004770e+00	8.491289e-02	1.342000e-03	-8.160065e-01
2.970290e+00	8.781461e-02	1.442802e-03	-8.293340e-01
2.935183e+00	9.113518e-02	1.576681e-03	-8.446499e-01
2.901666e+00	9.423365e-02	1.713873e-03	-8.594989e-01
2.867802e+00	9.845199e-02	1.888704e-03	-8.753996e-01
2.834701e+00	1.014737e-01	2.033696e-03	-8.907985e-01
2.801244e+00	1.057720e-01	2.220117e-03	-9.077139e-01
2.768819e+00	1.106340e-01	2.441418e-03	-9.247421e-01
2.736466e+00	1.165960e-01	2.735914e-03	-9.427957e-01
2.704737e+00	1.220392e-01	3.024231e-03	-9.607894e-01
2.672972e+00	1.305930e-01	3.474147e-03	-9.804508e-01
2.642133e+00	1.386350e-01	3.900727e-03	-1.000541e+00
2.611515e+00	1.470465e-01	4.481657e-03	-1.020802e+00
2.580982e+00	1.569654e-01	5.117445e-03	-1.041955e+00
2.550886e+00	1.725879e-01	6.026890e-03	-1.065068e+00
2.521665e+00	1.878579e-01	7.230026e-03	-1.090017e+00
2.493179e+00	2.076842e-01	8.466345e-03	-1.113714e+00
2.464201e+00	2.315547e-01	1.014954e-02	-1.140575e+00
2.436408e+00	2.579593e-01	1.203479e-02	-1.169064e+00
2.409154e+00	3.013426e-01	1.476994e-02	-1.201182e+00
2.382969e+00	3.403351e-01	1.715070e-02	-1.232756e+00
2.356634e+00	4.090689e-01	1.909095e-02	-1.275831e+00
2.332889e+00	4.728220e-01	2.011401e-02	-1.315465e+00
2.308476e+00	5.368856e-01	1.978130e-02	-1.357678e+00
2.284571e+00	6.139700e-01	1.591032e-02	-1.405607e+00
2.261656e+00	6.729069e-01	1.187597e-02	-1.446188e+00
2.237435e+00	7.236279e-01	8.464827e-03	-1.488376e+00
2.213525e+00	7.689679e-01	5.158923e-03	-1.528135e+00
2.189137e+00	7.952629e-01	3.787478e-03	-1.559578e+00
2.162765e+00	8.265347e-01	2.089999e-03	-1.595996e+00
2.137654e+00	8.470346e-01	1.281780e-03	-1.624903e+00
2.110533e+00	8.625725e-01	1.020848e-03	-1.651403e+00
2.082614e+00	8.778024e-01	8.090477e-04	-1.678593e+00
2.054934e+00	8.903513e-01	6.236740e-04	-1.702643e+00
2.026097e+00	9.020287e-01	4.634900e-04	-1.725736e+00
1.996868e+00	9.127835e-01	3.557864e-04	-1.748386e+00
1.967450e+00	9.213316e-01	2.991874e-04	-1.768210e+00
1.936695e+00	9.296357e-01	2.444435e-04	-1.787984e+00
1.905914e+00	9.369992e-01	1.975873e-04	-1.806167e+00
1.874261e+00	9.437816e-01	1.678730e-04	-1.823621e+00
1.842173e+00	9.497975e-01	1.414072e-04	-1.839829e+00
1.809282e+00	9.553750e-01	1.176900e-04	-1.855213e+00
1.775815e+00	9.603500e-01	9.840843e-05	-1.869311e+00
1.741359e+00	9.651900e-01	8.212754e-05	-1.883426e+00
1.706918e+00	9.692945e-01	6.957250e-05	-1.895762e+00
1.670894e+00	9.732305e-01	5.805644e-05	-1.907858e+00
1.634634e+00	9.766117e-01	5.003474e-05	-1.918607e+00
1.596919e+00	9.798475e-01	4.172908e-05	-1.929010e+00
1.558790e+00	9.827165e-01	3.508805e-05	-1.938427e+00
1.519373e+00	9.853807e-01	2.899796e-05	-1.947317e+00
1.479193e+00	9.876653e-01	2.401091e-05	-1.955136e+00
1.437257e+00	9.897540e-01	1.968065e-05	-1.962338e+00
1.394155e+00	9.916030e-01	1.613079e-05	-1.968861e+00
1.349608e+00	9.932645e-01	1.271446e-05	-1.974797e+00
1.303637e+00	9.946928e-01	9.953444e-06	-1.979952e+00
1.255454e+00	9.959024e-01	7.799020e-06	-1.984411e+00
1.204884e+00	9.969364e-01	5.897385e-06	-1.988254e+00
1.151741e+00	9.977955e-01	4.319296e-06	-1.991489e+00
1.095463e+00	9.984907e-01	3.036320e-06	-1.994136e+00
1.035295e+00	9.990353e-01	1.998792e-06	-1.996231e+00
9.702351e-01	9.994420e-01	1.198998e-06	-1.997805e+00
8.986859e-01	9.997135e-01	6.542285e-07	-1.998868e+00
8.171312e-01	9.998850e-01	2.839774e-07	-1.999543e+00
7.222614e-01	9.999684e-01	8.697672e-08	-1.999874e+00
6.018932e-01	9.999967e-01	1.075643e-08	-1.999987e+00
4.296119e-01	1.000000e+00	8.879290e-11	-2.000000e+00
7.568876e-02	1.000000e+00	0.000000e+00	-2.000000e+00
